31,3
31,2
31,1
31,0
39,4
39,3
39,2
39,1
39,0
26,6
26,5
26,4
26,3
26,2
26,1
26,0
30,4
30,3
30,2
30,1
30,0
3,2
3,1
3,3
10,109
10,257
10,142
10,216
10,7
10,237
10,243
10,167
10,2
10,3
11,30
11,20
11,27
11,15
11,5
11,28
11,1
11,19
11,2
11,3
8,13
8,5
8,7
12,2
12,1
12,3
20,2
20,1
20,3
19,2
19,1
19,3
18,1
18,3
38,3
38,2
38,1
14,1
38,0
34,4
34,3
14,3
34,2
34,1
13,1
34,0
13,3
10,303
10,277
10,270
10,211
10,174
10,1
10,169
9,7
2,2
9,5
9,3
9,2
2,1
9,1
8,14
8,10
8,9
8,6
2,3
8,4
8,3
8,2
8,1
0,472
0,386
0,278
0,243
0,9
0,0
40,34
40,33
